0.00,0.00;
0.22,0.19;
0.53,0.54;
0.79,0.79;
0.80,0.81;
0.90,0.95;
0.89,0.98;
0.92,0.99;
0.93,1.01;
0.95,1.02;
0.94,1.02;
0.94,1.03;
0.95,1.02;
0.95,1.02;
0.97,1.03;
0.97,1.03;
0.97,1.03;
0.97,1.03;
0.97,1.02;
0.94,1.03;
0.93,1.03;
0.82,0.93;
0.93,1.03;
0.85,0.94;
0.95,1.03;
0.88,0.93;
0.98,1.03;
0.89,0.95;
0.99,1.03;
0.89,0.94;
0.98,1.03;
0.89,0.94;
0.95,1.03;
0.86,0.94;
0.92,1.03;
0.84,0.93;
0.94,1.02;
0.94,1.03;
0.94,1.02;
0.86,0.93;
0.97,1.03;
0.89,0.93;
0.97,1.02;
0.90,0.95;
0.98,1.03;
0.89,0.94;
0.97,1.03;
0.88,0.94;
0.95,1.04;
0.86,0.94;
0.97,1.04;
0.97,1.03;
0.98,1.04;
0.89,0.94;
0.98,1.03;
0.90,0.94;
0.99,1.04;
0.92,0.95;
0.99,1.06;
0.90,0.95;
0.97,1.03;
0.89,0.95;
0.95,1.04;
0.88,0.94;
0.98,1.04;
0.90,0.94;
0.98,1.03;
0.98,1.03;
1.01,1.04;
0.92,0.95;
1.01,1.04;
0.90,0.95;
1.01,1.03;
0.90,0.97;
0.98,1.03;
0.88,0.95;
0.95,1.03;
0.90,0.94;
0.99,1.03;
0.90,0.95;
0.99,1.04;
1.01,1.04;
0.98,1.03;
0.90,0.94;
0.99,1.03;
0.90,0.94;
0.99,1.06;
0.90,0.95;
0.97,1.04;
0.88,0.95;
0.97,1.04;
0.89,0.95;
0.99,1.04;
0.90,0.95;
1.01,1.04;
0.90,0.95;
1.01,1.04;
1.01,1.07;
0.98,1.03;
0.92,0.95;
0.99,1.04;
0.89,0.95;
0.95,1.03;
0.89,0.95;
0.98,1.04;
0.90,0.95;
0.99,1.06;
0.92,0.97;
0.99,1.06;
0.92,0.97;
1.02,1.07;
1.01,1.06;
0.98,1.03;
0.89,0.94;
0.98,1.04;
0.86,0.95;
0.97,1.04;
0.88,0.95;
0.98,1.03;
0.90,0.94;
0.99,1.04;
0.92,0.97;
1.01,1.06;
0.92,0.97;
1.02,1.07;
0.93,0.98;
1.01,1.06;
0.98,1.06;
0.94,1.04;
0.85,0.95;
0.97,1.04;
0.89,0.95;
0.98,1.04;
0.92,0.97;
0.99,1.04;
0.90,0.94;
0.99,1.04;
0.90,0.95;
0.99,1.04;
0.92,0.95;

