0.00,0.00;
0.18,0.15;
0.58,0.53;
0.64,0.53;
0.75,0.67;
0.72,0.72;
0.81,0.88;
0.79,0.84;
0.89,0.93;
0.84,0.86;
0.94,0.98;
0.89,0.89;
0.99,1.01;
0.88,0.89;
0.95,0.97;
0.95,0.97;
0.95,0.98;
0.98,1.01;
0.99,1.03;
1.01,1.03;
1.02,1.04;
1.04,1.04;
1.06,1.02;
1.07,1.03;
1.07,1.03;
1.08,1.03;
1.08,1.02;
1.08,1.02;
1.10,1.01;
1.08,1.02;
1.07,1.03;
1.08,1.03;
1.08,1.04;
1.08,1.04;
1.08,1.06;
1.07,1.04;
1.08,1.04;
1.06,1.06;
1.08,1.07;
1.08,1.06;
1.07,1.06;
1.06,1.08;
1.06,1.07;
1.04,1.08;
1.03,1.10;
1.03,1.10;
1.04,1.10;
1.03,1.10;
1.06,1.11;
1.04,1.10;
1.06,1.08;
1.08,1.06;
1.07,1.07;
1.07,1.08;
1.06,1.08;
1.06,1.10;
1.04,1.10;
1.06,1.08;
1.07,1.08;
1.07,1.08;
1.07,1.08;
1.08,1.07;
1.07,1.08;
1.07,1.07;
1.07,1.06;
1.07,1.06;
1.07,1.04;
1.04,1.06;
1.06,1.07;
1.06,1.07;
1.07,1.07;
1.06,1.06;
1.07,1.07;
1.07,1.07;
1.08,1.07;
1.08,1.08;
1.06,1.06;
1.07,1.06;
1.04,1.06;
1.07,1.06;
1.07,1.07;
1.07,1.06;
1.08,1.07;
1.08,1.08;
1.07,1.07;
1.10,1.07;
1.11,1.07;
1.10,1.06;
1.08,1.06;
1.10,1.06;
1.08,1.06;
1.08,1.07;
1.08,1.10;
1.08,1.10;
0.98,1.02;
0.45,0.52;
0.18,0.31;
0.03,0.22;
0.00,0.13;
0.00,0.06;
0.00,0.01;
0.00,0.00;
0.00,0.00;
0.00,0.00;
0.00,0.00;
0.00,0.00;
0.00,0.00;
0.00,0.00;
0.00,0.00;
0.00,0.00;
0.00,0.00;
0.00,0.00;
0.00,0.00;
0.00,0.00;
0.00,0.00;
0.00,0.00;
0.00,0.00;
0.00,0.00;
0.00,0.00;
0.00,0.00;
0.00,0.00;
0.00,0.00;
0.00,0.00;
0.00,0.00;
0.00,0.00;
0.01,0.00;
0.00,0.00;
0.00,0.00;
0.00,0.00;
0.00,0.00;
0.00,0.00;
0.00,0.00;
0.00,0.00;
0.00,0.00;
0.00,0.00;
0.00,0.00;
0.00,0.00;
0.00,0.00;
0.00,0.00;
0.00,0.00;
0.00,0.00;

