0.00,0.00;
0.18,0.17;
0.53,0.49;
0.67,0.58;
0.71,0.68;
0.75,0.79;
0.81,0.85;
0.88,0.92;
0.90,0.95;
0.85,0.90;
0.95,1.01;
0.88,0.92;
0.98,1.02;
0.92,0.94;
1.01,1.03;
0.93,0.94;
0.99,1.03;
0.92,0.92;
1.02,1.02;
0.94,0.94;
1.04,1.04;
0.97,0.97;
1.04,1.06;
1.04,1.08;
1.04,1.08;
0.95,1.01;
1.03,1.10;
0.94,0.99;
1.04,1.08;
0.95,1.01;
1.04,1.10;
0.94,0.98;
1.04,1.08;
0.94,0.98;
1.04,1.07;
0.95,0.97;
1.04,1.07;
1.04,1.06;
1.06,1.04;
0.95,0.94;
1.04,1.06;
0.95,0.98;
1.04,1.07;
0.98,0.98;
1.07,1.07;
0.98,0.97;
1.07,1.06;
0.99,0.93;
1.10,0.99;
1.01,0.90;
1.10,1.01;
1.01,0.93;
1.08,1.04;
1.06,1.06;
1.04,1.06;
0.93,0.95;
0.99,1.06;
0.89,0.95;
0.98,1.04;
0.90,0.97;
0.95,1.04;
0.88,0.95;
0.98,1.06;
0.92,0.97;
1.01,1.07;
0.93,0.95;
1.03,1.06;
1.06,1.06;
1.04,1.06;
0.95,0.95;
1.06,1.06;
0.97,0.97;
1.06,1.08;
0.95,0.99;
1.04,1.06;
0.95,0.95;
1.04,1.07;
0.95,0.95;
1.08,1.03;
0.98,0.95;
1.06,1.03;
0.94,0.97;
1.01,1.06;
0.97,1.06;
0.90,1.03;
0.77,0.94;
0.92,1.04;
0.88,0.95;
0.99,1.02;
0.92,0.90;
1.01,1.02;
0.90,0.92;
1.01,0.99;
0.93,0.93;
1.04,1.04;
0.94,0.97;
1.07,1.06;
1.10,1.06;
1.11,1.07;
1.01,0.98;
1.10,1.06;
0.95,0.97;
1.01,1.06;
0.93,0.98;
0.99,1.06;
0.88,0.95;
0.94,1.06;
0.82,0.95;
0.95,1.06;
0.90,0.95;
0.99,1.02;
0.92,0.90;
1.02,0.95;
1.02,0.99;
1.03,1.01;
0.93,0.94;
1.02,1.02;
0.92,0.93;
0.99,1.03;
0.92,0.94;
0.99,1.03;
0.90,0.90;
1.01,1.01;
0.89,0.89;
1.01,1.01;
0.90,0.90;
0.98,0.99;
0.98,0.99;
0.99,1.01;
0.89,0.92;
1.01,1.02;
0.89,0.94;
0.98,1.04;
0.92,0.92;
1.02,0.98;
0.94,0.90;
1.04,1.01;
0.95,0.90;
1.04,1.01;
0.94,0.89;
1.06,1.01;

