-1.70
-1.72
-1.75
-1.76
-1.78
-1.79
-1.80
1.66
1.66
1.66
1.66
1.67
1.68
1.70
1.71
1.73
1.74
1.76
1.77
1.77
-1.66
-1.66
-1.66
-1.66
-1.67
-1.68
-1.70
-1.71
-1.72
-1.73
-1.74
-1.75
-1.75
1.66
1.66
1.66
1.66
1.66
1.67
1.68
1.69
1.70
1.72
1.73
1.74
1.75
-1.66
-1.66
-1.66
-1.66
-1.66
-1.66
-1.67
-1.68
-1.69
-1.70
-1.70
-1.72
-1.73
-1.73
1.66
1.66
1.66
1.66
1.67
1.67
1.68
1.68
-1.66
-1.66
-1.66
-1.66
-1.66
-1.66
-1.66
-1.66
-1.66
-1.66
-1.66
-1.66
-1.66
-1.66
1.66
1.66
1.66
1.66
1.67
1.69
1.70
-1.66
-1.66
-1.66
-1.67
-1.68
-1.69
-1.71
-1.73
-1.75
-1.76
-1.77
1.66
1.66
1.65
1.63
1.61
1.58
1.56
1.52
1.48
1.45
1.41
1.37
1.35
1.31
1.29
1.27
1.25
1.23
1.21
1.20
1.66
1.66
1.67
1.67
1.68
1.66
1.66
1.66
1.66
1.66
1.66
1.66
1.66
1.66
1.65
1.66
1.66
1.66
1.66
1.66
1.66
1.66
1.66
1.66
1.66
1.66
1.66
1.66
1.66
1.65
1.64
1.63
1.61
1.59
1.57
1.55
1.54
1.66
1.66
1.67
1.69
1.71
1.72
1.73
1.74
1.75
1.80
1.85
1.95
2.06
2.16
2.29
2.42
2.52
2.62
2.69
2.73
2.75
-1.66
-1.68
-1.73
-1.78
-1.87
-1.98
-2.07
-2.18
-2.30
-2.38
-2.47
-2.53
-2.56
1.66
1.66
1.70
1.76
1.83
1.92
2.03
2.13
2.24
2.34
2.41
2.48
2.52
2.54
-1.66
-1.69
-1.74
-1.82
-1.89
-1.99
-2.10
-2.18
-2.28
-2.37
-2.42
-2.47
-2.50
1.66
1.68
1.71
1.78
1.87
1.94
2.05
2.15
2.23
2.32
2.38
2.44
2.46
-1.66
-1.67
-1.72
-1.77
-1.85
-1.95
-2.03
-2.13
-2.23
-2.30
-2.37
-2.41
-2.44
1.66
1.67
1.71
1.77
1.83
1.92
2.02
2.10
2.19
2.26
2.33
2.38
2.41
-1.66
-1.67
-1.69
-1.75
-1.82
-1.89
-1.98
-2.08
-2.16
-2.24
-2.30
-2.35
-2.39
-2.40
1.66
1.69
1.73
1.80
1.88
1.96
2.05
2.12
2.20
2.28
2.32
2.36
2.37
-1.66
-1.68
-1.72
-1.77
-1.84
-1.93
-2.00
-2.09
-2.16
-2.24
-2.30
-2.33
-2.36
1.66
1.67
1.71
1.77
1.82
1.91
1.98
2.07
2.16
2.22
2.28
2.33
2.35
-1.66
-1.67
-1.70
-1.74
-1.81
-1.87
-1.96
-2.03
-2.12
-2.20
-2.25
-2.30
-2.33
1.66
1.66
1.69
1.73
1.80
1.86
1.94
2.03
2.10
2.18
2.25
2.29
2.33
-1.66
-1.66
-1.68
-1.73
-1.77
-1.85
-1.91
-2.00
-2.08
-2.15
-2.22
-2.28
-2.31
-2.33
1.66
1.67
1.71
1.76
1.83
1.91
1.98
2.06
2.15
2.20
2.26
2.30
2.32
-1.66
-1.67
-1.70
-1.75
-1.80
-1.88
-1.96
-2.03
-2.11
-2.18
-2.23
-2.28
-2.31
1.66
1.66
1.69
1.73
1.80
1.85
1.94
2.02
2.08
2.16
2.22
2.26
2.29
-1.66
-1.66
-1.69
-1.72
-1.78
-1.85
-1.91
-2.00
-2.08
-2.14
-2.20
-2.25
-2.27
-2.29
1.66
1.68
1.72
1.77
1.84
1.92
1.99
2.07
2.14
2.19
2.25
2.28
2.29
-1.66
-1.68
-1.72
-1.78
-1.83
-1.91
-1.99
-2.05
-2.12
-2.19
-2.23
-2.26
-2.28
1.66
1.68
1.71
1.77
1.83
1.89
1.96
2.04
2.10
2.17
2.22
2.25
2.27
-1.66
-1.67
-1.70
-1.75
-1.81
-1.88
-1.94
-2.01
-2.09
-2.14
-2.19
-2.22
-2.25
1.66
1.66
1.69
1.74
1.78
1.85
1.92
1.98
2.06
2.12
2.17
2.21
2.23
-1.66
-1.66
-1.69
-1.73
-1.78
-1.84
-1.91
-1.98
-2.04
-2.11
-2.15
-2.19
-2.22
-2.23
1.66
1.68
1.71
1.77
1.83
1.88
1.96
2.03
2.08
2.13
2.17
2.20
-1.66
-1.66
-1.68
-1.71
-1.75
-1.81
-1.87
-1.93
-2.00
-2.05
-2.11
-2.15
-2.18
-2.20
1.66
1.67
1.70
1.74
1.79
1.85
1.92
1.97
2.04
2.08
2.13
2.16
2.18
-1.66
-1.67
-1.69
-1.73
-1.78
-1.83
-1.89
-1.95
-2.01
-2.06
-2.10
-2.14
-2.16
1.66
1.66
1.69
1.72
1.77
1.83
1.88
1.94
1.99
2.05
2.09
2.12
2.13
-1.66
-1.67
-1.70
-1.74
-1.78
-1.84
-1.88
-1.93
-1.98
-2.01
-2.04
-2.05
1.66
1.66
1.68
1.70
1.73
1.76
1.79
1.83
1.86
1.89
1.91
1.92
-1.66
-1.66
-1.66
-1.68
-1.69
-1.71
-1.72
-1.74
-1.75
-1.77
-1.77
1.66
-1.66
1.66
1.66
1.66
1.66
1.66
1.67
1.68
1.70
1.71
1.73
1.75
1.77
1.77
-1.66
-1.66
-1.66
-1.66
-1.66
-1.66
-1.67
-1.69
-1.71
-1.73
-1.76
-1.79
-1.82
-1.86
-1.90
-1.92
-1.94
-1.95
-1.95
-1.96
1.66
1.66
1.66
1.66
1.66
1.66
1.66
1.66
1.66
1.66
1.66
1.66
1.66
1.66
1.66
1.66
1.66
1.66
1.66
1.66
1.66
1.66
1.66
1.66
1.67
1.67
1.68
1.66
1.66
1.66
1.66
1.65
1.65
1.64
1.66
1.66
1.66
1.66
1.66
1.66
1.67
1.68
1.69
1.69
1.70

