0.00,0.00;
0.22,0.21;
0.50,0.49;
0.63,0.62;
0.70,0.67;
0.88,0.85;
0.86,0.85;
1.02,0.97;
0.99,0.89;
1.10,0.99;
0.99,0.92;
1.10,1.03;
1.01,0.94;
1.12,1.06;
1.08,1.07;
1.07,1.07;
1.10,1.04;
1.10,1.03;
1.08,1.03;
1.07,1.03;
1.07,1.04;
1.07,1.07;
1.08,1.08;
1.12,1.10;
1.15,1.11;
1.15,1.12;
1.16,1.13;
1.17,1.13;
1.17,1.11;
1.19,1.12;
1.19,1.11;
1.19,1.10;
1.16,1.10;
1.15,1.08;
1.15,1.08;
1.12,1.07;
1.12,1.08;
1.13,1.08;
1.15,1.10;
1.16,1.12;
1.19,1.12;
1.19,1.12;
1.19,1.12;
1.17,1.11;
1.19,1.11;
1.16,1.11;
1.16,1.12;
1.13,1.13;
1.15,1.12;
1.15,1.12;
1.16,1.12;
1.15,1.11;
1.15,1.11;
1.15,1.12;
1.15,1.11;
1.15,1.11;
1.13,1.10;
1.13,1.12;
1.15,1.15;
1.15,1.13;
1.12,1.10;
1.13,1.11;
1.16,1.13;
1.16,1.13;
1.16,1.13;
1.17,1.13;
1.17,1.13;
1.16,1.12;
1.16,1.12;
1.16,1.13;
1.15,1.13;
1.16,1.12;
1.16,1.12;
1.15,1.11;
1.12,1.08;
1.12,1.08;
1.13,1.10;
1.12,1.10;
1.12,1.10;
1.12,1.08;
1.12,1.10;
1.12,1.08;
1.12,1.08;
1.13,1.10;
1.13,1.10;
1.12,1.10;
1.13,1.11;
1.13,1.11;
1.15,1.11;
1.16,1.11;
1.16,1.12;
1.13,1.11;
1.13,1.11;
1.12,1.11;
1.03,1.01;
0.54,0.49;
0.28,0.30;
0.09,0.21;
0.01,0.15;
0.00,0.08;
0.00,0.03;
0.00,0.00;
0.00,0.00;
0.00,0.00;
0.00,0.00;
0.00,0.00;
0.00,0.00;
0.00,0.00;
0.00,0.00;
0.00,0.00;
0.00,0.00;
0.00,0.00;
0.00,0.00;
0.00,0.00;
0.00,0.00;
0.00,0.00;
0.00,0.00;
0.00,0.00;
0.00,0.00;
0.00,0.00;
0.00,0.00;
0.00,0.00;
0.00,0.00;
0.00,0.00;
0.00,0.00;
0.00,0.00;
0.00,0.00;
0.00,0.00;
0.00,0.00;
0.00,0.00;
0.00,0.00;
0.00,0.00;
0.00,0.00;
0.00,0.00;
0.00,0.00;
0.00,0.00;
0.00,0.00;
0.00,0.00;
0.00,0.00;
0.00,0.00;
0.00,0.00;

