0.00,0.00;
0.18,0.17;
0.52,0.48;
0.57,0.52;
0.77,0.70;
0.81,0.72;
0.97,0.86;
0.92,0.84;
1.07,0.97;
0.99,0.89;
1.11,0.97;
1.03,0.90;
1.15,0.98;
1.04,0.90;
1.15,1.01;
1.06,0.84;
1.04,0.90;
0.95,0.94;
1.01,0.95;
1.07,0.99;
1.06,1.01;
1.07,1.02;
1.10,1.01;
1.07,0.98;
1.10,0.99;
1.06,0.95;
1.04,0.94;
1.04,0.93;
1.04,0.93;
1.03,0.95;
1.03,0.97;
1.04,0.99;
1.06,1.01;
1.07,1.02;
1.07,1.03;
1.08,1.03;
1.07,1.03;
1.06,0.98;
1.07,0.98;
1.06,0.98;
1.06,0.97;
1.04,0.97;
1.07,0.97;
1.07,0.95;
1.06,0.94;
1.06,0.98;
1.04,0.98;
1.04,0.98;
1.06,1.01;
1.07,1.02;
1.07,1.02;
1.07,1.03;
1.07,1.01;
1.08,1.01;
1.06,0.98;
1.07,0.99;
1.07,1.01;
1.07,1.01;
1.08,1.02;
1.07,1.02;
1.07,1.02;
1.07,1.02;
1.11,1.02;
1.08,1.01;
1.08,1.01;
1.08,1.02;
1.10,1.02;
1.11,1.04;
1.12,1.06;
1.15,1.04;
1.16,1.07;
1.16,1.07;
1.16,1.08;
1.16,1.07;
1.15,1.10;
1.13,1.08;
1.13,1.06;
1.13,1.08;
1.13,1.08;
1.12,1.08;
1.12,1.08;
1.12,1.08;
1.13,1.08;
1.16,1.10;
1.15,1.11;
1.15,1.11;
1.15,1.12;
1.15,1.11;
1.15,1.11;
1.15,1.10;
1.12,1.08;
1.12,1.08;
1.13,1.08;
1.10,1.04;
1.06,0.99;
0.58,0.52;
0.35,0.31;
0.14,0.22;
0.03,0.15;
0.00,0.08;
0.00,0.04;
0.00,0.03;
0.00,0.00;
0.00,0.00;
0.00,0.00;
0.00,0.00;
0.00,0.00;
0.00,0.00;
0.00,0.00;
0.00,0.00;
0.00,0.00;
0.00,0.00;
0.00,0.00;
0.00,0.00;
0.00,0.00;
0.00,0.00;
0.00,0.00;
0.00,0.00;
0.00,0.00;
0.00,0.00;
0.00,0.00;
0.00,0.00;
0.00,0.00;
0.00,0.00;
0.00,0.00;
0.00,0.00;
0.00,0.00;
0.00,0.00;
0.00,0.00;
0.00,0.00;
0.00,0.00;
0.00,0.00;
0.00,0.00;
0.00,0.00;
0.00,0.00;
0.00,0.00;
0.00,0.00;
0.00,0.00;
0.00,0.00;
0.00,0.00;
0.00,0.00;

