1.73
1.74
1.75
1.77
1.78
1.79
1.80
1.81
1.82
1.83
1.84
1.84
1.85
1.86
1.86
1.87
1.87
1.88
1.88
1.89
1.90
1.90
1.91
1.92
1.93
1.94
1.95
1.96
1.97
1.99
2.00
2.01
2.02
2.03
2.04
2.04
2.05
2.06
2.06
2.07
2.08
2.08
2.09
2.09
2.10
2.11
2.11
2.12
2.13
2.14
2.14
2.15
2.16
2.17
2.18
2.19
2.20
2.22
2.22
2.23
2.24
2.25
2.26
2.27
2.27
2.28
2.29
2.29
2.30
2.31
2.32
2.32
2.33
2.34
2.35
2.35
2.36
2.37
2.39
2.40
2.41
-1.66
-1.66
1.66
1.66
1.67
1.67
1.68
1.69
1.70
1.71
1.72
1.73
1.74
1.75
1.76
1.77
1.78
1.79
1.80
1.81
1.82
1.82
1.83
1.83
1.84
1.85
1.86
1.86
1.88
1.90
1.92
1.95
1.99
2.01
2.05
2.08
2.11
2.14
2.16
2.19
2.21
2.23
2.26
2.28
2.30
2.32
2.33
2.34
2.35
2.35
2.36
2.37
2.38
2.41
2.43
2.46
2.49
2.53
2.55
2.58
2.59
2.61
-1.66
-1.66
-1.69
-1.74
-1.80
-1.89
-1.98
-2.06
-2.16
-2.24
-2.31
-2.37
-2.40
-2.42
1.66
1.69
1.74
1.82
1.89
2.00
2.11
2.20
2.31
2.39
2.47
2.54
2.57
2.60
-1.66
-1.68
-1.72
-1.78
-1.84
-1.93
-2.00
-2.10
-2.18
-2.24
-2.30
-2.33
-2.34
1.66
1.70
1.74
1.81
1.90
1.97
2.08
2.17
2.27
2.36
2.43
2.49
2.54
2.55
-1.66
-1.68
-1.72
-1.78
-1.84
-1.92
-2.01
-2.08
-2.16
-2.23
-2.27
-2.30
1.66
1.66
1.70
1.75
1.81
1.90
1.97
2.08
2.18
2.26
2.35
2.43
2.47
2.51
-1.66
-1.66
-1.69
-1.72
-1.78
-1.86
-1.92
-2.01
-2.09
-2.15
-2.21
-2.26
-2.28
1.66
1.67
1.70
1.76
1.82
1.91
2.00
2.09
2.19
2.28
2.35
2.42
2.47
2.50
-1.66
-1.66
-1.69
-1.74
-1.79
-1.87
-1.95
-2.01
-2.09
-2.16
-2.21
-2.24
-2.26
1.66
1.68
1.71
1.77
1.85
1.92
2.01
2.11
2.19
2.28
2.36
2.41
2.45
2.48
-1.66
-1.67
-1.70
-1.75
-1.81
-1.87
-1.95
-2.03
-2.09
-2.16
-2.21
-2.23
1.66
1.66
1.68
1.73
1.78
1.86
1.95
2.03
2.13
2.22
2.29
2.36
2.40
2.44
2.46
-1.66
-1.68
-1.72
-1.76
-1.83
-1.90
-1.97
-2.04
-2.11
-2.16
-2.20
-2.22
1.66
1.67
1.70
1.75
1.81
1.88
1.97
2.06
2.14
2.23
2.29
2.36
2.41
2.44
-1.66
-1.66
-1.68
-1.72
-1.78
-1.84
-1.91
-1.99
-2.05
-2.11
-2.16
-2.20
-2.22
1.66
1.67
1.71
1.76
1.83
1.91
1.99
2.08
2.16
2.25
2.32
2.37
2.42
2.44
-1.66
-1.67
-1.70
-1.74
-1.80
-1.87
-1.93
-2.01
-2.07
-2.13
-2.18
-2.21
-2.22
1.66
1.68
1.73
1.79
1.85
1.94
2.02
2.12
2.21
2.28
2.35
2.41
2.44
2.46
-1.66
-1.68
-1.72
-1.77
-1.83
-1.90
-1.96
-2.04
-2.11
-2.16
-2.20
-2.23
1.66
1.67
1.70
1.74
1.81
1.87
1.97
2.06
2.14
2.23
2.31
2.36
2.41
2.45
2.46
-1.66
-1.69
-1.72
-1.78
-1.84
-1.91
-2.00
-2.06
-2.13
-2.19
-2.22
-2.24
1.66
1.68
1.72
1.77
1.84
1.93
2.01
2.11
2.21
2.28
2.36
2.42
2.46
2.48
-1.66
-1.67
-1.71
-1.75
-1.81
-1.89
-1.96
-2.04
-2.11
-2.16
-2.21
-2.24
-2.25
1.66
1.68
1.73
1.80
1.86
1.96
2.05
2.13
2.23
2.32
2.37
2.43
2.47
2.48
-1.66
-1.68
-1.72
-1.78
-1.83
-1.91
-1.99
-2.05
-2.12
-2.18
-2.21
-2.24
1.66
1.67
1.70
1.75
1.82
1.90
1.98
2.07
2.17
2.24
2.32
2.39
2.43
2.45
-1.66
-1.66
-1.69
-1.73
-1.79
-1.87
-1.93
-2.00
-2.08
-2.13
-2.18
-2.21
-2.23
1.66
1.68
1.72
1.78
1.84
1.92
2.02
2.09
2.19
2.27
2.33
2.39
2.42
2.44
-1.66
-1.67
-1.70
-1.76
-1.81
-1.88
-1.95
-2.01
-2.08
-2.13
-2.17
-2.20
1.66
1.66
1.69
1.73
1.80
1.87
1.95
2.04
2.13
2.20
2.28
2.33
2.38
2.42
2.43
-1.66
-1.68
-1.72
-1.77
-1.84
-1.89
-1.97
-2.02
-2.09
-2.14
-2.17
-2.18
1.66
1.67
1.71
1.76
1.82
1.90
1.98
2.06
2.14
2.21
2.28
2.34
2.38
2.40
-1.66
-1.66
-1.69
-1.74
-1.79
-1.85
-1.91
-1.98
-2.04
-2.09
-2.13
-2.16
-2.17
1.66
1.69
1.72
1.78
1.85
1.92
2.00
2.07
2.16
2.24
2.29
2.34
2.37
2.38
-1.66
-1.68
-1.70
-1.75
-1.80
-1.86
-1.93
-1.98
-2.04
-2.09
-2.12
-2.14
1.66
1.67
1.70
1.74
1.79
1.86
1.93
2.01
2.09
2.15
2.23
2.28
2.31
2.33
-1.66
-1.66
-1.68
-1.71
-1.75
-1.81
-1.86
-1.91
-1.96
-2.00
-2.02
-2.04
1.66
1.67
1.69
1.71
1.73
1.75
1.66
1.65
1.64
1.61
1.56
1.52
1.47
1.41
1.38
1.34
1.31
1.28
1.26
1.24
1.22
1.20
1.66
1.66
1.68
1.70
1.73
1.77
1.78
1.77
1.76
1.65
1.63
1.61
1.58
1.56
1.54
1.53
1.66
1.66
1.66
1.67
1.68
1.69
1.69
1.71
1.73
1.75
1.79
1.82
1.66
1.65
1.63
1.62
1.60
1.57
1.54
1.51
1.49
1.45
1.42
1.40
1.37
1.34
1.32
1.29
1.26
1.23
1.21
1.20
1.19
1.18
1.18
1.18
1.18
1.18
1.19
1.20
1.21
1.22
1.22
1.23
1.24
1.25
1.27
1.28
1.29
1.30
1.31
1.31
1.31
1.30
1.28
1.26
1.23
1.20
1.17
1.14
1.11
1.07
1.05
1.02
0.99
0.97
0.94
0.93
0.91
0.88
0.87
0.85
0.83

