0.00,0.00;
0.21,0.21;
0.57,0.55;
0.66,0.59;
0.75,0.68;
0.86,0.80;
0.95,0.90;
1.02,0.94;
1.06,0.98;
1.08,1.01;
1.11,1.01;
1.12,1.01;
1.13,1.03;
1.07,1.01;
1.06,0.94;
1.07,0.97;
1.06,0.99;
1.11,1.02;
1.13,1.04;
1.15,1.07;
1.13,1.08;
1.12,1.08;
1.11,1.07;
1.12,1.06;
1.10,1.04;
1.10,1.04;
1.10,1.06;
1.11,1.06;
1.03,0.99;
1.12,1.10;
1.03,0.99;
1.13,1.08;
1.03,1.01;
1.13,1.08;
1.03,0.99;
1.13,1.08;
1.03,0.98;
1.13,1.10;
1.03,1.01;
1.13,1.10;
1.06,0.99;
1.17,1.11;
1.07,0.99;
1.16,1.11;
1.16,1.11;
1.16,1.10;
1.07,1.01;
1.17,1.10;
1.07,1.01;
1.16,1.10;
1.07,1.02;
1.17,1.11;
1.07,1.01;
1.17,1.11;
1.07,1.01;
1.17,1.10;
1.04,1.01;
1.15,1.10;
1.12,1.10;
1.13,1.11;
1.02,1.02;
1.11,1.12;
1.02,1.01;
1.13,1.12;
1.03,1.02;
1.13,1.13;
1.04,1.04;
1.13,1.13;
1.03,1.03;
1.15,1.13;
1.04,1.02;
1.15,1.12;
1.04,1.01;
1.13,1.08;
1.13,1.08;
1.13,1.10;
1.06,1.01;
1.15,1.11;
1.04,1.01;
1.13,1.10;
1.01,0.99;
1.12,1.10;
1.02,0.99;
1.13,1.12;
1.02,0.99;
1.13,1.10;
1.03,0.99;
1.13,1.11;
1.13,1.11;
1.13,1.12;
1.02,1.01;
1.13,1.11;
1.03,1.02;
1.13,1.12;
0.98,0.95;
0.57,0.53;
0.31,0.30;
0.18,0.19;
0.08,0.12;
0.03,0.06;
0.00,0.01;
0.00,0.00;
0.00,0.00;
0.00,0.00;
0.00,0.00;
0.00,0.00;
0.00,0.00;
0.00,0.00;
0.00,0.00;
0.00,0.00;
0.00,0.00;
0.00,0.00;
0.00,0.00;
0.00,0.00;
0.00,0.00;
0.00,0.00;
0.00,0.00;
0.00,0.00;
0.00,0.00;
0.00,0.00;
0.00,0.00;
0.00,0.00;
0.00,0.00;
0.00,0.00;
0.00,0.00;
0.00,0.00;
0.00,0.00;
0.00,0.00;
0.00,0.00;
0.00,0.00;
0.00,0.00;
0.00,0.00;
0.00,0.00;
0.00,0.00;
0.00,0.00;
0.00,0.00;
0.00,0.00;
0.00,0.00;
0.00,0.00;
0.00,0.00;
0.00,0.00;

